3 1
2.86712 1.47887
2.4577 2.07088
1.87356 2.61815
1.30633 2.94117
0.878229 2.98793
0.598079 2.82919
0.425604 2.56231
0.320931 2.25847
0.257191 1.9581
0.218415 1.6807
0.19548 1.43389
0.183219 1.2191
0.178712 1.03478
0.180354 0.878101
0.187337 0.745792
0.199376 0.634625
0.216556 0.541607
0.239252 0.464066
0.268096 0.399675
0.303963 0.346448
0.347977 0.302712
0.401529 0.267083
0.466303 0.238445
0.544296 0.215931
0.637845 0.198918
0.749633 0.187038
0.882662 0.180217
1.04017 0.178754
1.22541 0.183476
1.4412 0.196021
1.68902 0.21936
1.96731 0.258758
2.26817 0.323499
2.5716 0.429836
2.83628 0.605068
2.98996 0.88943
2.93507 1.32256
2.60343 1.89273
2.05173 2.47417
1.46136 2.87568
0.987363 2.99986
0.667127 2.89095
0.467675 2.64693
0.346478 2.34855
0.272781 2.04442
0.22786 1.75911
0.200946 1.50298
0.185931 1.27887
0.17936 1.08587
0.17931 0.921414
0.184775 0.782295
0.195337 0.665248
0.210982 0.567197
0.232007 0.485371
0.258968 0.417342
0.292671 0.361026
0.334164 0.31466
0.38476 0.27678
0.446052 0.246192
0.519943 0.221957
0.608669 0.20338
0.714811 0.190016
0.841285 0.1817
0.991273 0.178608
1.16806 0.181391
1.37465 0.191408
1.61306 0.211167
1.88286 0.245121
2.17848 0.301134
2.48425 0.39303
2.76624 0.544441
2.96188 0.792114
2.97822 1.17913
2.72901 1.71642
2.22656 2.31418
1.62709 2.78537
1.11 2.99143
0.746479 2.94117
0.516322 2.72698
0.375993 2.43816
0.290773 2.13232
0.238811 1.83996
0.20741 1.57475
0.189356 1.34123
0.180563 1.13934
0.178738 0.966843
0.182652 0.820642
0.191738 0.697458
0.205876 0.594143
0.225279 0.507829
0.25043 0.435988
0.282061 0.376437
0.32115 0.32732
0.368929 0.287088
0.426907 0.254471
0.496894 0.228458
0.581025 0.208281
0.681781 0.193421
0.801983 0.183625
0.944745 0.178961
